# Latitude (°) Feature tracking (h) Correlation method (h)
-23.6 17.02 17.031
-24.0 17.01 17.029
-27.5 16.79 16.764
-27.5 16.76 16.764
-35.4 16.31 16.311
-41.0 15.96 15.961
-44.8 15.67 15.641
-44.8 15.67 15.641
-45.0 15.64 15.642
-46.5 15.51 15.640
-46.8 15.48 15.441
-47.8 15.45 15.482
-47.8 15.45 15.482
-49.0 15.31 15.333
-49.5 15.28 15.275
-50.5 15.25 15.284
-56.7 14.75 14.761
-57.5 14.75 14.746
-61.0 14.70 14.714
-64.5 14.70 14.707
-70.0 14.55 14.561
-72.5 14.28 14.204
-73.0 14.19 14.196
-75.8 13.95 14.200
-78.5 13.60 13.619
-81.2 13.32 13.325
-87.0 12.23 12.231