       Table 1 (Garcia-Melendo et al.)

 Averaged mean zonal flow from Cassini ISS
 CB2 and CB3 images, from 2004 to 2008.

 Lat       Lat       u      sigma-u    Number
 Pc        Pg       m/s       m/s    of points
------    -----     -----   -------  ---------
-89.9     -89.9     7.1       4.7       5
-89.8     -89.8     7.5       6.7       9
-89.6     -89.7     13.2      8.1       2
-89.5     -89.6     47.5      31.7      4
-89.3     -89.4     76.3      6.0       6
-89.0     -89.2     102.1     14.7      5
-88.8     -89.0     137.4     26.1      3
-88.6     -88.9     132.5     0.0       1
-88.5     -88.8     152.8     8.4       6
-88.3     -88.6     153.1     11.0      4
-88.0     -88.4     146.4     6.8       7
-87.7     -88.1     144.1     9.9       4
-87.6     -88.0     146.6     3.8       5
-87.5     -88.0     145.7     4.4       10
-87.3     -87.8     139.4     4.2       10
-87.0     -87.6     142.6     7.8       13
-86.7     -87.3     135.0     3.8       8
-86.6     -87.2     134.4     4.0       5
-86.5     -87.2     139.7     4.7       9
-86.3     -87.0     135.5     5.8       10
-86.0     -86.7     130.2     2.6       15
-85.8     -86.6     124.3     3.7       10
-85.6     -86.4     121.9     3.6       5
-85.5     -86.3     120.1     2.6       10
-85.3     -86.2     120.6     2.9       10
-85.0     -85.9     114.4     7.4       15
-84.8     -85.8     109.2     5.3       10
-84.6     -85.6     110.9     2.8       5
-84.5     -85.5     104.1     2.8       10
-84.3     -85.4     92.9      2.1       10
-84.0     -85.1     87.2      7.5       15
-83.8     -84.9     79.7      5.1       10
-83.6     -84.8     74.6      4.7       5
-83.5     -84.7     68.9      4.4       10
-83.3     -84.5     62.3      2.9       10
-83.0     -84.3     56.2      5.1       15
-82.8     -84.1     50.7      5.2       10
-82.6     -84.0     48.5      4.8       5
-82.5     -83.9     44.7      2.9       14
-82.3     -83.7     46.2      4.5       14
-82.0     -83.5     40.0      3.6       29
-81.7     -83.2     35.2      3.8       31
-81.6     -83.1     33.3      2.2       17
-81.5     -83.1     32.3      3.2       36
-81.2     -82.9     29.3      3.3       36
-81.0     -82.7     27.1      2.5       51
-80.7     -82.5     24.4      3.5       36
-80.6     -82.3     24.4      2.2       17
-80.5     -82.2     21.6      3.2       35
-80.3     -82.1     17.8      4.8       34
-80.0     -81.8     16.1      3.0       53
-79.8     -81.7     14.1      2.2       32
-79.6     -81.5     12.2      2.0       15
-79.5     -81.4     11.1      1.8       30
-79.2     -81.2     8.7       2.6       31
-79.0     -81.0     6.5       2.6       46
-78.8     -80.8     5.6       2.2       32
-78.6     -80.7     4.3       3.0       16
-78.5     -80.6     3.6       2.3       32
-78.3     -80.4     3.4       1.8       31
-78.0     -80.2     2.7       1.7       47
-77.8     -80.0     1.6       2.1       32
-77.6     -79.9     1.0       2.0       16
-77.4     -79.7     0.6       1.9       31
-77.3     -79.6     -0.1      1.6       32
-77.0     -79.4     -0.4      1.4       48
-76.8     -79.2     -0.5      1.3       32
-76.6     -79.0     -0.3      1.6       16
-76.5     -78.9     -0.1      1.9       32
-76.3     -78.8     0.1       2.4       32
-76.0     -78.5     0.3       2.8       48
-75.8     -78.4     0.1       2.3       32
-75.6     -78.2     0.7       2.4       16
-75.5     -78.1     0.6       2.1       32
-75.3     -78.0     1.1       2.0       32
-75.0     -77.7     2.3       1.9       48
-74.8     -77.5     3.3       1.8       32
-74.6     -77.4     4.3       2.2       16
-74.5     -77.3     5.3       2.0       31
-74.3     -77.1     6.8       2.3       32
-74.0     -76.9     8.7       2.6       48
-73.8     -76.7     11.0      2.5       32
-73.6     -76.5     12.0      1.7       16
-73.5     -76.4     13.4      2.5       32
-73.3     -76.3     15.9      2.7       31
-73.0     -76.0     19.9      4.1       48
-72.8     -75.9     24.6      4.3       32
-72.6     -75.7     28.2      5.7       15
-72.5     -75.6     31.1      5.5       30
-72.3     -75.4     35.4      4.0       28
-72.0     -75.2     41.6      5.0       37
-71.8     -75.0     50.8      5.6       24
-71.6     -74.9     58.0      3.9       12
-71.5     -74.8     62.3      4.1       20
-71.3     -74.6     71.1      7.5       20
-71.0     -74.3     83.8      7.1       35
-70.8     -74.2     90.4      4.7       26
-70.6     -74.0     91.1      4.9       15
-70.5     -73.9     92.6      2.6       25
-70.2     -73.7     90.6      2.6       25
-70.0     -73.5     86.3      5.9       82
-69.8     -73.3     79.3      9.5       57
-69.6     -73.2     71.6      9.0       30
-69.4     -73.0     68.1      9.5       60
-69.3     -72.9     56.0      9.4       61
-69.0     -72.7     43.7      8.6       91
-68.8     -72.5     37.4      7.0       61
-68.6     -72.3     33.5      4.9       31
-68.4     -72.1     28.8      2.8       61
-68.2     -72.1     24.5      3.5       62
-68.0     -71.8     18.2      3.6       92
-67.8     -71.6     13.5      3.6       61
-67.6     -71.5     11.1      5.1       29
-67.4     -71.3     7.7       4.4       61
-67.3     -71.2     4.3       4.7       61
-67.0     -70.9     0.5       3.7       93
-66.7     -70.7     -2.8      3.0       62
-66.6     -70.6     -3.9      2.0       31
-66.5     -70.5     -4.9      2.2       62
-66.2     -70.3     -6.5      2.0       62
-66.0     -70.1     -8.5      1.7       92
-65.7     -69.9     -9.6      2.0       62
-65.6     -69.7     -10.9     2.1       31
-65.5     -69.7     -12.1     1.7       62
-65.2     -69.5     -12.8     1.7       62
-65.0     -69.2     -13.2     1.8       93
-64.7     -69.0     -14.0     1.5       62
-64.6     -68.9     -14.1     1.7       31
-64.5     -68.7     -14.4     1.7       62
-64.2     -68.6     -15.0     1.6       62
-64.0     -68.4     -14.8     1.8       93
-63.7     -68.2     -14.9     1.5       62
-63.6     -68.0     -14.6     1.8       62
-63.4     -67.7     -14.0     1.9       62
-63.2     -67.7     -13.3     1.9       62
-63.0     -67.5     -12.6     2.1       62
-62.7     -67.2     -11.7     2.3       62
-62.6     -67.1     -11.2     2.5       62
-62.4     -67.0     -10.0     2.6       62
-62.2     -66.7     -8.9      2.5       62
-62.0     -66.6     -8.0      2.6       62
-61.7     -66.3     -7.0      2.4       61
-61.6     -66.2     -5.9      2.4       62
-61.4     -66.1     -4.6      2.1       62
-61.2     -65.9     -3.3      2.4       62
-61.0     -65.7     -2.2      2.5       62
-60.7     -65.5     -0.7      2.8       62
-60.6     -65.4     1.5       2.8       62
-60.4     -65.2     3.3       2.4       62
-60.2     -65.0     4.7       2.1       62
-60.0     -64.7     6.1       1.8       62
-59.7     -64.7     7.9       2.2       62
-59.6     -64.5     9.8       2.2       62
-59.4     -64.2     11.5      2.5       62
-59.2     -64.1     12.7      2.3       62
-59.0     -63.9     13.7      1.9       62
-58.7     -63.7     15.1      2.2       62
-58.6     -63.6     16.4      2.2       62
-58.4     -63.4     17.6      2.8       62
-58.2     -63.2     19.9      3.7       60
-58.0     -63.0     24.6      9.6       60
-57.8     -62.9     36.2      11.9      56
-57.5     -62.6     51.0      12.4      54
-57.4     -62.5     60.5      14.2      52
-57.2     -62.2     68.1      9.8       52
-57.0     -62.1     83.3      15.3      49
-56.8     -62.0     103.7     14.9      42
-56.6     -61.8     112.2     14.9      49
-56.4     -61.6     126.8     9.0       45
-56.2     -61.4     133.1     6.8       49
-56.0     -61.2     140.4     8.3       45
-55.7     -61.0     144.7     7.3       51
-55.6     -60.9     146.5     5.2       51
-55.4     -60.7     143.5     9.0       45
-55.2     -60.5     139.0     7.8       49
-54.9     -60.2     133.8     5.6       49
-54.7     -60.1     130.9     4.8       50
-54.5     -59.9     128.0     5.9       48
-54.4     -59.7     122.4     6.5       52
-54.2     -59.6     117.8     7.1       51
-54.0     -59.4     113.0     4.5       50
-53.7     -59.1     109.4     4.8       53
-53.5     -58.9     106.0     3.8       51
-53.4     -58.9     102.2     3.3       54
-53.2     -58.7     96.6      3.6       54
-53.0     -58.5     93.0      4.2       56
-52.7     -58.2     88.6      4.0       57
-52.5     -58.0     83.1      3.2       57
-52.4     -57.9     79.0      4.6       60
-52.1     -57.6     74.4      4.9       59
-51.9     -57.5     69.4      4.8       59
-51.7     -57.3     65.6      4.3       60
-51.6     -57.2     59.8      5.6       61
-51.4     -57.0     57.4      4.0       60
-51.1     -56.7     54.3      3.0       60
-51.0     -56.6     51.1      2.8       62
-50.7     -56.4     46.2      4.1       62
-50.5     -56.1     41.4      3.8       61
-50.4     -56.1     38.6      3.3       60
-50.2     -55.9     35.2      2.8       60
-50.0     -55.7     32.3      2.5       60
-49.7     -55.5     30.4      3.0       62
-49.6     -55.2     28.2      2.1       62
-49.4     -55.1     26.2      2.7       62
-49.2     -54.9     23.9      2.8       62
-49.0     -54.7     22.4      2.5       62
-48.7     -54.5     21.4      2.0       62
-48.6     -54.3     20.9      2.1       62
-48.4     -54.2     20.7      2.2       61
-48.1     -53.9     20.7      2.1       59
-47.9     -53.7     21.9      3.4       61
-47.7     -53.6     23.0      2.9       62
-47.6     -53.4     24.0      2.4       62
-47.4     -53.2     25.7      2.6       62
-47.2     -53.0     27.6      2.4       62
-47.0     -52.7     30.6      3.0       60
-46.7     -52.6     34.2      3.1       62
-46.6     -52.4     36.8      2.7       57
-46.3     -52.1     40.0      3.9       56
-46.1     -51.9     42.8      4.0       59
-46.0     -51.7     47.2      4.4       62
-45.7     -51.5     52.5      3.3       61
-45.6     -51.5     57.2      3.2       62
-45.4     -51.3     60.9      3.0       61
-45.2     -51.1     65.8      3.4       62
-45.0     -50.9     71.4      4.6       61
-44.8     -50.7     78.4      5.7       55
-44.6     -50.5     85.0      6.6       56
-44.3     -50.2     91.2      7.8       49
-44.2     -50.1     97.0      8.3       54
-43.9     -49.8     104.3     7.5       52
-43.8     -49.7     112.8     6.1       55
-43.6     -49.5     118.6     6.8       52
-43.4     -49.3     122.7     6.8       50
-43.1     -49.0     125.1     7.3       45
-43.0     -48.9     127.0     11.3      41
-42.8     -48.7     123.3     11.4      33
-42.5     -48.4     130.1     14.2      33
-42.3     -48.2     144.0     12.4      39
-42.2     -48.1     139.5     9.1       45
-42.0     -47.9     130.3     10.0      44
-41.8     -47.7     119.2     8.2       46
-41.5     -47.4     113.7     8.1       49
-41.4     -47.3     108.5     9.1       52
-41.1     -47.0     100.8     9.0       53
-41.0     -46.9     90.0      11.0      55
-40.7     -46.6     76.7      5.4       56
-40.6     -46.5     69.0      10.7      59
-40.3     -46.2     63.5      8.1       61
-40.2     -46.1     56.5      10.2      61
-39.9     -45.8     48.8      6.8       61
-39.8     -45.7     43.2      6.7       60
-39.6     -45.5     37.6      4.9       62
-39.4     -45.3     32.8      3.2       62
-39.2     -45.1     26.6      4.8       61
-39.0     -44.9     22.7      4.8       61
-38.8     -44.7     20.4      4.2       61
-38.6     -44.5     16.2      4.3       62
-38.4     -44.2     13.1      4.1       62
-38.2     -44.0     10.7      4.2       61
-38.0     -43.8     7.8       4.4       62
-37.8     -43.6     5.0       4.7       61
-37.6     -43.4     1.6       3.3       57
-37.3     -43.1     0.8       2.4       61
-37.2     -43.0     -1.0      2.2       60
-36.9     -42.7     -2.2      2.3       61
-36.8     -42.6     -3.6      2.0       62
-36.6     -42.4     -4.3      1.5       62
-36.4     -42.2     -4.9      2.2       61
-36.1     -41.9     -5.8      2.6       61
-36.0     -41.8     -6.4      2.8       62
-35.8     -41.5     -7.5      2.7       62
-35.6     -41.3     -8.3      3.1       62
-35.4     -41.1     -9.1      2.7       62
-35.2     -40.9     -10.4     2.5       62
-35.0     -40.7     -11.4     2.7       62
-34.8     -40.5     -11.9     3.0       62
-34.6     -40.3     -12.1     2.8       62
-34.4     -40.1     -12.8     2.7       62
-34.1     -39.8     -13.1     2.7       61
-34.0     -39.7     -12.3     2.6       62
-33.8     -39.4     -11.5     2.7       62
-33.6     -39.2     -9.6      2.9       62
-33.4     -39.0     -7.0      2.5       60
-33.2     -38.8     -4.0      3.0       60
-33.0     -38.6     -1.1      3.8       60
-32.8     -38.4     1.8       3.7       58
-32.6     -38.2     5.2       5.1       62
-32.4     -37.9     9.9       4.8       61
-32.2     -37.7     14.0      5.0       60
-32.0     -37.5     18.2      4.4       62
-31.8     -37.3     23.2      5.0       62
-31.6     -37.1     28.7      6.7       62
-31.4     -36.9     33.4      6.7       61
-31.2     -36.7     38.4      5.8       62
-31.0     -36.4     43.3      4.1       62
-30.8     -36.2     46.3      2.9       62
-30.6     -36.0     48.2      2.2       62
-30.4     -35.8     50.3      1.4       62
-30.2     -35.6     51.8      1.7       62
-30.0     -35.3     53.0      2.8       102
-29.7     -35.1     54.6      2.8       98
-29.6     -34.9     56.3      3.0       98
-29.4     -34.7     58.4      3.1       98
-29.2     -34.5     60.3      3.4       98
-29.0     -34.3     63.1      3.6       97
-28.8     -34.0     66.4      4.3       97
-28.6     -33.7     70.2      4.8       90
-28.4     -33.6     73.9      5.0       90
-28.2     -33.4     78.0      4.4       90
-28.0     -33.2     82.6      4.3       79
-27.8     -32.9     85.7      3.6       74
-27.6     -32.7     86.2      3.4       74
-27.4     -32.5     86.4      3.8       74
-27.2     -32.3     84.4      4.6       74
-27.0     -32.0     80.3      5.8       74
-26.8     -31.8     76.1      5.9       74
-26.6     -31.6     71.8      4.9       74
-26.4     -31.4     68.0      3.5       74
-26.2     -31.2     65.6      3.3       74
-26.0     -30.9     63.8      2.8       74
-25.8     -30.7     61.0      3.1       74
-25.6     -30.5     59.3      3.4       74
-25.4     -30.3     59.1      3.1       74
-25.2     -30.0     59.8      3.4       74
-25.0     -29.8     61.2      4.1       74
-24.8     -29.6     64.1      4.6       74
-24.6     -29.4     66.9      4.7       74
-24.4     -29.1     68.4      4.6       74
-24.2     -28.9     70.8      5.3       74
-24.0     -28.7     74.4      6.1       74
-23.8     -28.4     78.4      5.9       74
-23.6     -28.2     81.6      6.8       69
-23.3     -27.9     86.4      6.7       71
-23.2     -27.8     90.2      7.1       69
-23.0     -27.5     95.7      7.4       61
-22.7     -27.2     100.5     7.7       68
-22.5     -27.0     102.9     6.3       73
-22.4     -26.9     106.1     4.2       74
-22.2     -26.6     108.2     4.4       74
-21.9     -26.3     110.7     4.3       73
-21.8     -26.2     113.3     4.3       68
-21.5     -25.8     116.8     4.2       71
-21.4     -25.7     119.8     4.2       72
-21.2     -25.5     122.9     3.2       72
-21.0     -25.2     125.2     3.1       74
-20.8     -25.0     126.8     2.9       74
-20.6     -24.8     129.0     2.9       74
-20.4     -24.5     131.1     2.8       74
-20.2     -24.3     133.2     3.2       74
-20.0     -24.1     135.5     3.7       80
-19.8     -23.9     138.7     4.0       77
-19.6     -23.6     143.0     4.4       80
-19.4     -23.4     147.9     5.0       80
-19.2     -23.2     152.8     4.9       78
-19.0     -22.9     157.2     4.3       78
-18.8     -22.7     160.8     3.8       75
-18.6     -22.5     164.3     4.1       78
-18.4     -22.2     168.7     4.6       75
-18.2     -22.0     171.0     7.0       74
-17.9     -21.7     176.4     5.1       74
-17.7     -21.4     181.5     5.3       77
-17.6     -21.3     185.3     4.2       76
-17.3     -21.0     191.3     5.5       76
-17.1     -20.7     196.6     5.4       79
-17.0     -20.6     201.8     4.7       80
-16.8     -20.3     206.3     3.9       78
-16.6     -20.1     209.4     4.9       78
-16.3     -19.8     213.4     4.5       77
-16.1     -19.5     217.7     4.1       79
-16.0     -19.4     221.4     3.7       80
-15.8     -19.2     224.4     4.0       80
-15.6     -18.9     228.5     4.4       78
-15.3     -18.6     231.8     5.6       79
-15.2     -18.4     234.7     4.3       80
-15.0     -18.2     237.2     4.4       80
-14.8     -18.0     239.2     4.5       80
-14.6     -17.7     242.1     4.5       80
-14.4     -17.5     244.1     4.3       79
-14.2     -17.3     246.6     5.4       80
-14.0     -17.0     251.7     4.8       79
-13.8     -16.8     256.9     4.7       80
-13.6     -16.5     260.3     4.6       80
-13.4     -16.3     263.5     4.8       78
-13.1     -16.0     267.6     5.2       79
-13.0     -15.8     273.3     6.4       74
-12.8     -15.6     283.3     7.9       73
-12.6     -15.3     288.7     8.4       74
-12.4     -15.1     293.2     8.1       74
-12.2     -14.9     299.0     7.2       74
-11.9     -14.5     305.6     7.1       74
-11.8     -14.4     311.0     9.4       75
-11.6     -14.1     316.8     7.3       77
-11.4     -13.9     321.8     6.8       72
-11.1     -13.6     328.6     6.8       76
-11.0     -13.4     332.9     6.2       77
-10.7     -13.1     336.6     5.2       77
-10.5     -12.9     339.6     4.9       77
-10.4     -12.7     342.9     5.1       76
-10.2     -12.4     346.5     5.2       75
-9.9      -12.2     349.7     5.2       76
-9.8      -12.0     353.3     4.5       80
-9.6      -11.7     355.8     4.6       79
-9.4      -11.5     357.7     4.4       71
-9.2      -11.2     359.5     4.9       76
-9.0      -11.0     362.9     4.3       75
-8.8      -10.8     363.8     4.7       78
-8.5      -10.4     364.7     4.3       77
-8.3      -10.3     366.7     4.0       80
-8.2      -9.9      366.8     4.8       80
-7.9      -9.8      367.8     4.2       80
-7.8      -9.5      368.4     4.1       80
-7.5      -9.2      369.0     4.2       79
-7.4      -9.0      368.6     4.2       80
-7.2      -8.8      368.8     4.2       80
-6.9      -8.6      368.7     4.6       80
-6.8      -8.3      368.7     4.6       80
-6.6      -8.1      367.5     4.2       79
-6.4      -7.8      366.5     4.4       80
-6.2      -7.6      364.4     5.5       76
-6.0      -7.3      365.2     4.7       75
-5.8      -7.1      364.7     6.7       80
-5.6      -6.8      361.3     6.1       77
-5.3      -6.5      361.3     6.8       75
-5.1      -6.3      357.6     5.7       68
-5.0      -6.1      357.3     7.9       75
-4.8      -5.9      353.4     10.9      70
-4.6      -5.6      353.0     12.7      70
-4.4      -5.4      352.3     8.1       59
-4.2      -5.1      349.0     12.3      53
-3.9      -4.8      349.6     9.4       42
-3.8      -4.6      348.2     12.0      39
-3.5      -4.3      347.8     13.9      40
-3.3      -4.1      344.9     10.3      41
-3.2      -3.9      345.2     11.3      43
-3.0      -3.7      344.4     14.9      36
-2.7      -3.3      354.2     20.4      36
-2.5      -3.1      353.8     21.1      53
-2.4      -2.9      355.9     15.2      54
-2.2      -2.7      352.3     18.1      52
-1.9      -2.4      348.5     19.0      51
-1.7      -2.1      356.5     22.0      53
-1.6      -1.9      351.1     18.4      61
-1.4      -1.7      347.5     20.3      53
-1.1      -1.4      353.6     23.8      49
-0.9      -1.1      364.4     21.0      57
-0.8      -0.9      370.4     19.1      62
-0.6      -0.7      370.1     20.8      54
-0.3      -0.4      371.5     20.5      54
-0.2      -0.2      384.2     14.1      59
0.1       0.1       389.4     16.7      28
0.3       0.3       384.5     15.1      28
0.5       0.6       383.3     22.4      20
0.7       0.8       367.0     23.6      27
0.8       1.0       377.8     15.1      26
1.0       1.3       368.1     17.8      13
1.3       1.6       354.0     26.3      12
1.5       1.8       352.9     19.6      27
1.7       2.1       347.9     18.9      20
1.9       2.3       353.1     17.5      22
2.1       2.6       354.0     16.1      24
2.2       2.7       351.5     16.3      25
2.5       3.0       342.3     17.5      25
2.6       3.2       346.8     13.9      26
2.9       3.5       349.4     12.3      32
3.0       3.7       354.8     15.1      34
3.2       4.0       357.3     15.4      29
3.5       4.3       354.7     15.7      34
3.7       4.5       354.7     14.1      40
3.8       4.7       359.3     7.0       33
4.0       4.9       361.6     9.6       39
4.3       5.3       360.3     10.0      42
4.4       5.4       364.4     7.9       41
4.7       5.7       363.6     6.7       39
4.9       6.0       367.7     6.0       42
5.0       6.2       366.3     5.7       37
5.3       6.5       369.2     5.1       34
5.5       6.7       372.7     6.0       37
5.6       6.9       375.4     8.2       33
5.9       7.2       376.3     3.8       24
6.0       7.4       377.8     4.9       20
6.3       7.7       380.6     4.2       10
6.5       7.9       381.9     4.4       23
6.7       8.2       385.2     5.6       35
6.8       8.4       385.5     4.7       35
7.0       8.6       385.2     6.4       34
7.3       8.9       386.0     4.3       32
7.5       9.2       386.7     4.5       30
7.6       9.3       385.3     5.2       25
7.8       9.6       382.6     4.2       23
8.0       9.8       381.5     5.1       18
8.2       10.0      379.1     5.4       9
8.5       10.4      380.4     2.0       2
8.7       10.6      373.3     5.3       6
8.9       10.9      367.5     4.7       9
9.1       11.1      363.2     5.1       6
9.2       11.3      362.0     3.3       7
9.5       11.6      360.5     2.6       7
9.6       11.8      354.2     5.2       12
9.8       12.0      349.7     6.5       15
10.1      12.3      357.0     5.8       22
10.2      12.5      353.0     8.7       18
10.4      12.7      342.1     11.2      21
10.6      13.0      336.5     11.2      19
10.9      13.3      331.7     7.9       23
11.2      13.7      321.5     11.1      19
11.4      13.9      319.7     9.0       15
11.7      14.3      312.7     8.5       21
11.8      14.4      310.4     7.1       18
12.0      14.7      306.3     6.7       9
12.3      15.0      308.2     3.3       10
12.4      15.1      306.8     2.7       8
12.7      15.5      301.8     3.1       9
12.8      15.6      297.6     5.3       10
13.1      15.9      293.5     7.4       14
13.3      16.2      286.2     9.6       20
13.5      16.4      276.8     9.6       19
13.7      16.7      267.9     7.2       26
13.9      16.9      260.3     6.6       29
14.1      17.1      253.9     5.1       28
14.3      17.4      249.2     5.0       30
14.5      17.6      243.1     4.4       30
14.7      17.9      239.0     5.1       30
14.9      18.1      235.2     3.8       30
15.1      18.3      231.2     3.8       30
15.3      18.6      225.6     3.1       30
15.5      18.8      222.1     3.6       30
15.7      19.0      218.5     4.0       30
15.9      19.3      214.9     3.9       30
16.1      19.5      210.8     3.2       30
16.3      19.7      208.6     2.4       30
16.5      20.0      204.9     2.1       30
16.7      20.2      202.0     2.2       30
16.9      20.5      198.7     2.1       30
17.1      20.7      196.1     2.6       30
17.3      20.9      192.8     2.4       30
17.5      21.2      190.0     2.9       30
17.7      21.4      186.5     3.3       30
17.9      21.6      184.1     3.4       30
18.1      21.9      181.8     2.6       30
18.3      22.1      179.5     2.8       30
18.5      22.3      176.3     2.9       30
18.7      22.6      173.3     3.0       30
18.9      22.8      169.4     3.1       30
19.1      23.0      164.9     3.5       30
19.3      23.3      161.4     4.3       30
19.5      23.5      159.0     4.0       30
19.7      23.7      155.3     3.1       30
19.9      24.0      152.5     3.4       30
20.1      24.2      148.5     3.6       30
20.3      24.4      144.1     3.8       28
20.5      24.7      138.8     5.4       28
20.7      24.9      135.2     4.1       30
20.9      25.1      131.1     3.4       30
21.1      25.4      127.8     3.7       30
21.3      25.6      123.9     4.5       30
21.5      25.8      119.6     4.2       30
21.6      26.0      116.1     3.3       29
21.9      26.3      113.9     3.0       28
22.1      26.5      110.7     2.4       30
22.3      26.7      106.4     3.6       30
22.5      27.0      103.7     3.8       30
22.7      27.2      100.7     3.4       30
22.9      27.4      98.0      2.5       30
23.1      27.7      95.5      2.2       30
23.3      27.9      93.3      1.6       30
23.5      28.1      91.5      2.0       30
23.7      28.3      89.8      1.6       30
23.9      28.6      88.2      2.0       30
24.1      28.8      85.4      2.2       30
24.3      29.0      83.0      1.9       30
24.5      29.2      80.6      1.7       30
24.7      29.5      78.6      1.8       30
24.9      29.7      76.4      1.8       30
25.1      29.9      74.8      1.8       30
25.3      30.1      73.6      1.9       30
25.5      30.4      73.2      2.0       30
25.7      30.6      72.6      2.0       30
25.9      30.8      72.7      2.4       30
26.1      31.0      73.7      2.6       30
26.3      31.3      74.9      2.8       30
26.5      31.5      75.9      2.3       30
26.7      31.7      75.7      1.8       30
26.9      31.9      75.1      1.5       30
27.0      32.1      73.7      1.8       29
27.3      32.4      70.9      2.3       30
27.5      32.6      66.9      2.2       30
27.7      32.8      64.0      2.2       30
27.9      33.0      61.8      1.5       30
28.1      33.3      60.2      1.9       30
28.3      33.5      59.4      1.8       30
28.5      33.7      59.0      2.1       30
28.7      33.9      59.0      1.8       30
28.9      34.1      58.8      2.1       30
29.1      34.4      58.9      1.8       30
29.3      34.6      58.4      2.0       30
29.5      34.8      57.8      1.8       30
29.7      35.0      56.8      1.7       30
29.9      35.2      55.0      1.3       30
30.1      35.5      52.7      2.0       30
30.3      35.7      48.9      2.3       30
30.5      35.9      44.4      2.6       30
30.7      36.1      39.2      3.5       30
30.9      36.3      32.7      2.8       30
31.1      36.5      27.6      3.0       30
31.3      36.8      23.0      2.4       30
31.5      37.0      17.7      3.1       30
31.7      37.2      12.9      2.2       30
31.9      37.4      8.3       2.9       30
32.1      37.6      2.7       3.3       30
32.3      37.8      -3.1      2.8       30
32.5      38.1      -7.5      2.7       30
32.7      38.3      -11.3     2.6       30
32.9      38.5      -14.4     2.2       30
33.1      38.7      -17.1     1.8       30
33.3      38.9      -18.3     2.1       30
33.5      39.1      -20.0     1.9       28
33.7      39.3      -21.2     2.4       30
33.9      39.5      -21.0     2.4       28
34.1      39.8      -21.6     2.9       30
34.3      40.0      -20.7     2.8       30
34.5      40.2      -19.9     2.8       30
34.7      40.4      -18.9     3.0       30
34.9      40.6      -17.9     3.3       30
35.1      40.8      -16.5     3.0       30
35.3      41.0      -15.5     3.2       30
35.5      41.2      -13.6     3.3       30
35.7      41.4      -11.7     3.0       30
35.9      41.7      -9.8      3.2       30
36.1      41.9      -7.8      3.1       30
36.3      42.1      -5.9      2.8       30
36.5      42.3      -3.9      2.8       30
36.7      42.5      -1.7      3.1       30
36.9      42.7      1.0       3.0       29
37.1      42.9      4.5       3.4       30
37.3      43.1      7.9       3.3       30
37.5      43.3      11.7      3.9       30
37.7      43.5      15.7      4.2       30
37.9      43.7      21.3      4.0       30
38.1      43.9      27.0      3.9       30
38.3      44.1      32.8      4.5       30
38.5      44.3      42.0      10.7      29
38.6      44.5      46.1      5.6       29
38.9      44.8      51.6      7.5       30
39.1      45.0      59.4      7.4       29
39.3      45.2      65.6      8.0       30
39.4      45.3      72.5      6.1       29
39.7      45.6      79.5      6.5       29
39.9      45.8      86.1      5.1       30
40.1      46.0      92.0      6.5       30
40.3      46.2      105.5     14.0      30
40.5      46.4      114.5     10.8      28
40.7      46.6      119.4     8.0       30
40.9      46.8      124.9     6.9       29
41.0      46.9      128.2     7.2       26
41.3      47.2      133.5     7.4       26
41.4      47.3      135.5     10.3      21
41.6      47.5      138.0     14.2      17
41.9      47.8      144.6     13.3      22
42.0      47.9      139.8     14.2      23
42.3      48.2      141.5     9.8       27
42.4      48.3      138.1     8.3       29
42.7      48.6      132.3     5.8       28
42.9      48.8      126.0     5.5       28
43.1      49.0      117.3     4.0       30
43.3      49.2      110.8     3.5       30
43.4      49.3      102.9     4.4       29
43.6      49.5      95.0      4.5       29
43.8      49.7      81.1      14.0      27
44.1      50.0      61.7      12.0      21
44.3      50.2      58.4      9.3       23
44.4      50.3      52.3      8.8       24
44.7      50.6      50.7      6.6       28
44.9      50.8      47.4      2.8       30
45.1      51.0      45.5      3.2       30
45.3      51.2      44.7      7.0       28
45.4      51.3      43.9      10.0      25
45.7      51.5      30.0      10.4      28
45.9      51.7      25.9      5.9       28
46.0      51.8      24.8      4.2       29
46.3      52.1      23.3      2.9       30
46.5      52.3      21.5      2.3       30
46.7      52.5      18.8      2.0       30
46.9      52.7      16.0      2.1       30
47.1      52.9      13.4      2.6       30
47.3      53.1      10.9      2.6       28
47.5      53.3      9.2       3.5       30
47.7      53.5      8.1       3.9       30
47.9      53.7      5.8       2.1       30
48.1      53.9      4.2       1.9       28
48.3      54.1      2.7       1.9       28
48.5      54.3      1.7       2.1       30
48.7      54.4      0.1       1.5       30
48.9      54.6      -0.9      1.9       30
49.1      54.8      -1.7      2.4       30
49.3      55.0      -2.3      2.2       30
49.5      55.2      -2.8      2.7       30
49.7      55.4      -2.8      2.6       30
49.9      55.6      -2.7      2.3       30
50.1      55.8      -2.4      2.6       30
50.3      56.0      -1.9      2.6       30
50.5      56.1      -1.0      2.4       30
50.7      56.3      0.3       2.8       28
50.9      56.5      1.2       3.0       29
51.1      56.7      3.5       2.9       30
51.3      56.9      5.0       3.0       30
51.5      57.1      6.3       2.9       30
51.7      57.3      8.1       3.5       30
51.9      57.5      10.6      4.0       30
52.1      57.6      14.8      4.3       29
52.3      57.8      16.9      4.0       30
52.5      58.0      19.6      3.6       30
52.6      58.1      22.4      5.2       29
52.8      58.3      27.1      4.1       29
53.1      58.6      29.9      3.8       30
53.3      58.8      33.6      4.8       30
53.5      58.9      38.8      4.5       30
53.7      59.1      42.3      3.8       28
53.9      59.3      46.1      4.5       29
54.1      59.5      50.7      4.9       30
54.3      59.7      55.6      4.5       30
54.5      59.9      60.9      4.7       30
54.7      60.1      65.9      5.0       30
54.9      60.2      69.8      4.3       30
55.1      60.4      73.8      4.3       30
55.3      60.6      78.4      3.7       30
55.5      60.8      83.2      4.4       30
55.7      61.0      86.9      4.2       30
55.9      61.1      89.7      3.8       30
56.1      61.3      91.7      3.0       30
56.3      61.5      92.5      2.8       30
56.5      61.7      92.1      2.5       30
56.7      61.9      90.4      2.1       30
56.9      62.1      87.3      2.3       30
57.1      62.2      84.2      2.3       30
57.3      62.4      81.5      1.9       30
57.5      62.6      78.5      2.2       30
57.7      62.8      75.1      2.1       30
57.9      63.0      71.8      2.6       30
58.1      63.1      69.3      1.8       30
58.3      63.3      67.2      1.7       30
58.5      63.5      65.5      2.1       30
58.7      63.7      64.1      2.5       30
58.9      63.9      63.0      2.5       30
59.1      64.0      62.5      2.4       30
59.3      64.2      62.5      2.5       30
59.5      64.4      63.2      2.7       30
59.7      64.6      64.4      3.4       30
59.9      64.7      65.4      3.3       30
60.1      64.9      67.8      2.8       30
60.3      65.1      70.0      4.3       30
60.5      65.3      73.5      4.6       30
60.7      65.5      77.2      4.3       30
60.9      65.6      81.8      5.0       30
61.1      65.8      87.1      5.6       29
61.3      66.0      92.2      4.9       30
61.5      66.2      95.0      2.8       30
61.7      66.3      96.4      1.8       30
61.9      66.5      96.3      1.8       30
62.1      66.7      94.6      2.9       30
62.3      66.9      89.1      3.8       30
62.5      67.0      81.2      5.1       30
62.6      67.1      74.7      4.8       28
62.9      67.4      66.2      6.2       30
63.1      67.6      59.2      7.2       30
63.3      67.7      50.6      3.3       29
63.5      67.9      44.6      3.3       30
63.7      68.1      39.7      4.3       30
63.8      68.2      34.4      2.3       27
64.0      68.4      30.6      2.2       27
64.3      68.6      27.4      1.6       23
64.5      68.8      24.3      3.1       25
64.7      69.0      21.6      3.2       29
64.9      69.1      19.1      3.1       30
65.1      69.3      16.1      2.9       30
65.3      69.5      13.0      3.1       30
65.5      69.7      9.3       2.9       28
65.7      69.8      7.1       2.9       30
65.8      69.9      4.4       2.8       29
66.1      70.2      1.7       2.5       28
66.3      70.3      -0.6      2.0       29
66.5      70.5      -1.7      2.0       30
66.7      70.7      -2.4      2.3       30
66.9      70.9      -3.6      1.9       30
67.0      70.9      -5.2      1.6       29
67.3      71.2      -6.2      1.6       29
67.5      71.4      -7.2      1.7       30
67.7      71.5      -7.7      2.1       28
67.9      71.7      -8.3      2.0       30
68.0      71.8      -9.2      1.6       27
68.3      72.1      -10.0     1.8       28
68.4      72.1      -10.4     2.2       27
68.7      72.4      -10.5     2.3       26
68.9      72.6      -11.3     2.0       28
69.1      72.7      -11.9     2.0       30
69.3      72.9      -12.0     1.9       28
69.4      73.0      -12.2     2.6       29
69.7      73.2      -11.6     2.3       30
69.9      73.4      -11.3     2.1       30
70.1      73.6      -11.1     2.1       37
70.3      73.8      -10.9     1.9       38
70.5      73.9      -10.6     3.0       32
70.7      74.1      -10.7     2.2       36
70.9      74.3      -9.3      2.7       35
71.1      74.4      -7.7      3.7       38
71.3      74.6      -6.3      4.3       37
71.5      74.8      -7.0      2.8       32
71.7      74.9      -4.7      3.1       38
71.9      75.1      -4.0      4.1       30
72.0      75.2      -1.2      4.3       40
72.3      75.4      -0.9      3.5       36
72.4      75.5      2.5       5.1       40
72.7      75.8      3.2       5.7       26
72.9      75.9      9.5       8.3       30
73.1      76.1      12.3      8.6       38
73.3      76.3      14.9      7.7       39
73.4      76.4      19.3      11.3      41
73.6      76.5      24.3      12.2      34
73.8      76.7      26.3      12.4      21
74.1      77.0      34.3      15.6      19
74.2      77.0      50.1      13.2      27
74.4      77.2      61.8      11.1      12
74.6      77.4      70.3      9.4       22
74.9      77.6      79.0      17.0      9
75.0      77.7      74.2      19.8      4
75.2      77.9      91.7      4.4       6
75.4      78.0      94.0      4.0       2
75.9      78.4      91.0      0.0       1
76.1      78.6      68.0      0.0       1
76.5      78.9      48.3      4.8       13
76.6      79.0      47.8      6.1       7
76.8      79.2      41.2      8.2       19
77.1      79.4      32.3      2.9       18
77.3      79.6      30.9      1.7       20
77.4      79.7      26.2      3.2       14
77.6      79.9      19.9      2.5       5
77.9      80.1      12.6      3.1       14
78.0      80.2      12.9      2.7       16
78.5      80.6      14.5      1.2       4
78.7      80.8      12.2      1.4       20
78.9      80.9      10.5      4.1       18
79.0      81.0      9.6       5.4       18
79.2      81.2      12.7      0.0       2
79.5      81.4      7.4       4.2       6
79.6      81.5      10.8      3.9       4
79.8      81.7      9.4       5.3       15
80.0      81.8      10.4      1.0       5
80.3      82.1      13.7      2.6       7
80.4      82.2      12.4      6.2       14
80.6      82.3      20.3      1.9       16
80.8      82.5      18.8      2.5       15
81.1      82.7      22.8      1.8       19
81.3      82.9      23.3      1.5       20
81.4      83.0      25.4      2.4       15
81.9      83.4      33.0      3.0       8
82.1      83.6      33.0      3.4       20
82.3      83.7      32.9      3.0       20
82.5      83.9      43.2      1.2       3
82.6      84.0      39.7      6.3       6
82.9      84.2      41.6      4.2       7
